
Build Time =  0.01379084587097168  s

Total Time:  0.5159485340118408  s

Build Time =  0.009178400039672852  s
Object =  56
Transitions =  705784
Emissions =  64264
Trellis =  14368
BP =  14368
Function =  64

Total Time:  0.12411665916442871  s
