
Build Time =  0.1018834114074707  s

Total Time:  10.337212085723877  s

Build Time =  0.09561514854431152  s
Object =  56
Transitions =  17904240
Emissions =  466864
Trellis =  71920
BP =  71920
Function =  64

Total Time:  0.14771676063537598  s
