
Build Time =  0.09389090538024902  s

Total Time:  2.645695924758911  s

Build Time =  0.04880094528198242  s
Object =  56
Transitions =  7144312
Emissions =  234472
Trellis =  30352
BP =  30352
Function =  64

Total Time:  0.4372129440307617  s
