
Build Time =  1.3281002044677734  s

Total Time:  512.3337423801422  s

Build Time =  1.297309160232544  s
Object =  56
Transitions =  399992440
Emissions =  2432536
Trellis =  622360
BP =  622360
Function =  64

Total Time:  33.28574872016907  s
