
Build Time =  0.05183053016662598  s

Total Time:  3.5631206035614014  s

Build Time =  0.041768550872802734  s
Object =  56
Transitions =  6786040
Emissions =  272728
Trellis =  44320
BP =  44320
Function =  64

Total Time:  0.4534780979156494  s
