
Build Time =  0.5929372310638428  s

Total Time:  92.1054093837738  s

Build Time =  0.580021858215332  s
Object =  56
Transitions =  162504504
Emissions =  1442352
Trellis =  216448
BP =  216448
Function =  64

Total Time:  12.685576438903809  s
