
Build Time =  1.3746812343597412  s

Total Time:  238.35235905647278  s

Build Time =  1.3591609001159668  s
Object =  56
Transitions =  413914104
Emissions =  2474504
Trellis =  345376
BP =  345376
Function =  64

Total Time:  33.54994034767151  s
