
Build Time =  0.10821723937988281  s

Total Time:  10.491543292999268  s

Build Time =  0.09293270111083984  s
Object =  56
Transitions =  17904240
Emissions =  466864
Trellis =  71920
BP =  71920
Function =  64

Total Time:  1.5895531177520752  s
