
Build Time =  0.20540356636047363  s

Total Time:  59.76933526992798  s

Build Time =  0.19412636756896973  s
Object =  56
Transitions =  47083920
Emissions =  795840
Trellis =  213600
BP =  213600
Function =  64

Total Time:  4.050887823104858  s
